2024-02-29 13:43:13.448 [info] Log level: Info
2024-02-29 13:43:13.448 [info] Validating found git in: "git"
2024-02-29 13:43:13.448 [info] Using git "2.39.2" from "git"
2024-02-29 13:43:13.448 [info] > git rev-parse --show-toplevel [20ms]
2024-02-29 13:43:13.448 [info] > git rev-parse --git-dir --git-common-dir [3ms]
2024-02-29 13:43:13.448 [info] Open repository: /home/simgabrob/Bootcamp
2024-02-29 13:43:13.451 [info] > git config --get commit.template [48ms]
2024-02-29 13:43:13.662 [info] > git rev-parse --show-toplevel [215ms]
2024-02-29 13:43:14.254 [info] > git rev-parse --show-toplevel [429ms]
2024-02-29 13:43:14.255 [info] > git for-each-ref --format=%(refname)%00%(upstream:short)%00%(objectname)%00%(upstream:track)%00%(upstream:remotename)%00%(upstream:remoteref) refs/heads/main refs/remotes/main [440ms]
2024-02-29 13:43:14.277 [info] > git check-ignore -v -z --stdin [46ms]
2024-02-29 13:43:14.281 [info] > git rev-parse --show-toplevel [14ms]
2024-02-29 13:43:14.308 [info] > git rev-parse --show-toplevel [14ms]
2024-02-29 13:43:14.323 [info] > git status -z -uall [17ms]
2024-02-29 13:43:14.368 [info] > git rev-parse --show-toplevel [45ms]
2024-02-29 13:43:14.396 [info] > git config --get commit.template [30ms]
2024-02-29 13:43:14.423 [info] > git rev-parse --show-toplevel [29ms]
2024-02-29 13:43:14.445 [info] > git for-each-ref --format=%(refname)%00%(upstream:short)%00%(objectname)%00%(upstream:track)%00%(upstream:remotename)%00%(upstream:remoteref) refs/heads/main refs/remotes/main [25ms]
2024-02-29 13:43:14.472 [info] > git rev-parse --show-toplevel [29ms]
2024-02-29 13:43:14.517 [info] > git status -z -uall [51ms]
2024-02-29 13:43:14.529 [info] > git rev-parse --show-toplevel [12ms]
2024-02-29 13:43:14.563 [info] > git rev-parse --show-toplevel [20ms]
2024-02-29 13:43:14.605 [info] > git rev-parse --show-toplevel [4ms]
2024-02-29 13:43:14.681 [info] > git rev-parse --show-toplevel [35ms]
2024-02-29 13:43:14.707 [info] > git rev-parse --show-toplevel [5ms]
2024-02-29 13:43:17.054 [info] > git show --textconv :Week 5/Day 4/DC4.html [19ms]
2024-02-29 13:43:17.062 [info] > git ls-files --stage -- /home/simgabrob/Bootcamp/Week 5/Day 4/DC4.html [9ms]
2024-02-29 13:43:17.106 [info] > git cat-file -s 87b373c4841969d595dcc26936e7568458882626 [35ms]
